00110011000011100110001100000010
10010010001101011100100110011101
00111111110111110110101111011100
01110001001111111110011011100110
11001000000010010000001011111100
10011100001010110110011111111110
01101100010011101110111000000100
01101001100100001101010001101101
01010001100000101110011110010101
01011010001000010101001100111110
00111101110111111000100010100010
10101101100101011000100100011100
01000001100010111111110010111000
00111111101001100110001001111010
01000111011111001111110001000101
00110011000011100110001100000010
10010010001101011100100110011101
00111111110111110110101111011100
01110001001111111110011011100110
11001000000010010000001011111100
10011100001010110110011111111110
01101100010011101110111000000100
01101001100100001101010001101101
01010001100000101110011110010101
01011010001000010101001100111110
00110011000011100110001100000010
10010010001101011100100110011101
00111111110111110110101111011100
01110001001111111110011011100110
11001000000010010000001011111100
10011100001010110110011111111110
01101100010011101110111000000100
01101001100100001101010001101101
01010001100000101110011110010101
01011010001000010101001100111110
00110011000011100110001100000010
10010010001101011100100110011101
00111111110111110110101111011100
01110001001111111110011011100110
11001000000010010000001011111100
10011100001010110110011111111110
01101100010011101110111000000100
01101001100100001101010001101101
01010001100000101110011110010101
01011010001000010101001100111110
11101000111010000101101110011111
11000101110001000111100111111101
00100000011001101110110010001000
01101000100010111111000001111001
00110011000011100110001100000010
10010010001101011100100110011101
00111111110111110110101111011100
01110001001111111110011011100110
11001000000010010000001011111100
10011100001010110110011111111110
01101100010011101110111000000100
01101001100100001101010001101101
01010001100000101110011110010101
01011010001000010101001100111110
00011001000000000111001010011000
00101001100101110111001010110101
01111010101101100001010110101100
11010011011011000011111010111100
11101101110011010011101001101110
01010110111010000010101110111101
10000001110100111101011011001110
11001000000010010000001011111100
10011100001010110110011111111110
01101100010011101110111000000100
01101001100100001101010001101101
01010001100000101110011110010101
01011010001000010101001100111110
00111101110111111000100010100010
10101101100101011000100100011100
01000001100010111111110010111000
00111111101001100110001001111010
01000111011111001111110001000101
00101000110010000101110111110111
01101001010011011010101110011111
00011111010010000111100110010110
10001000101100110011001111000000
10110111000011110000010011000100
01001100100010100001110100110101
00000111110010111001000100111111
11111011001101000101101001100101
11101110011101010010000001100101
11101000111010000101101110011111
11000101110001000111100111111101
00100000011001101110110010001000
01101000100010111111000001111001
00011001000000000111001010011000
00101001100101110111001010110101
01111010101101100001010110101100
11010011011011000011111010111100
11101101110011010011101001101110
01010110111010000010101110111101
10001011001111100110100010110111
10101011000111101010010100000110
00101110111001000011101110000011
10010001001000100001010111100010
01111100001101100000010010100101
00010011000010001011011110011001
00111000001111101011100010001001
00100001000101001111011011101111
11011100111000110001011011101001
00000101110000000110101111100111
00100001001111000110100011110010
00100000011100111001010001000011
00100101111000110001110011010101
01000100100100000101011010001100
01111111111101001101010010101101
11111000101101001010001100111100
11101001110111100111001001110001
11111101111101110000011111100010
01110110001111101000111100110010
01110011110000101111000010000010
01010100100101100100000001001101
01110101010011001000000011011100
10100101010011101001100001111010
01010110111010000010101110111101
10001011001111100110100010110111
10101011000111101010010100000110
00101110111001000011101110000011
10000001110100111101011011001110
11001000000010010000001011111100
10011100001010110110011111111110
01101100010011101110111000000100
01101001100100001101010001101101
01010001100000101110011110010101
01011010001000010101001100111110